1000, 0.0014, 0.5000870227813721
1000, 0.0014, 0.5000870227813721
1000, 0.0014, 0.5000870227813721
1000, 0.0014, 0.5000870227813721
1000, 0.0014, 0.5000870227813721
1000, 0.0014, 0.5000879764556885
1000, 0.0014, 0.5000870227813721
1000, 0.0014, 0.5000870227813721
1000, 0.0014, 0.5000870227813721
1000, 0.0014, 0.5000870227813721
1000, 0.0014, 0.5000870227813721
1000, 0.0014, 0.5000870227813721
1000, 0.0014, 0.5000870227813721
1000, 0.0014, 0.5000870227813721
1000, 0.0014, 0.5000870227813721
1000, 0.0014, 0.5000870227813721
1000, 0.0014, 0.5000870227813721
1000, 0.0014, 0.5000870227813721
1000, 0.0014, 0.5000870227813721
1000, 0.0014, 0.5000870227813721
1000, 0.0014, 0.5000870227813721
1000, 0.0014, 0.5000870227813721
1000, 0.0014, 0.5000870227813721
1000, 0.0014, 0.5000870227813721
1000, 0.0014, 0.5000870227813721
1000, 0.0014, 0.5000870227813721
1000, 0.0014, 0.5000870227813721
1000, 0.0014, 0.5000870227813721
1000, 0.0014, 0.5000870227813721
1000, 0.0014, 0.5000870227813721
1000, 0.0014, 0.500086784362793
1000, 0.0014, 0.5000870227813721
1000, 0.0014, 0.5000870227813721
1000, 0.0014, 0.5000870227813721
1000, 0.0014, 0.5001042485237122
1000, 0.0014, 0.5000870227813721
1000, 0.0014, 0.5000870227813721
1000, 0.0014, 0.5000870227813721
1000, 0.0014, 0.5000870227813721
1000, 0.0014, 0.5000870227813721
1000, 0.0014, 0.5000870227813721
1000, 0.0014, 0.5000870227813721
1000, 0.0014, 0.5000870227813721
1000, 0.0014, 0.5000874996185303
1000, 0.0014, 0.5000870227813721
1000, 0.0014, 0.5000870227813721
1000, 0.0014, 0.5000870227813721
1000, 0.0014, 0.5000870227813721
1000, 0.0014, 0.5000870227813721
1000, 0.0014, 0.5000870227813721
1000, 0.0014, 0.5000870227813721
1000, 0.0014, 0.5000870227813721
1000, 0.0014, 0.5000870227813721
1000, 0.0014, 0.5000870227813721
1000, 0.0014, 0.5000870227813721
1000, 0.0014, 0.5000870227813721
1000, 0.0014, 0.5000870227813721
1000, 0.0014, 0.5000870227813721
1000, 0.0014, 0.5000870227813721
1000, 0.0014, 0.5000861883163452
1000, 0.0014, 0.5000870227813721
1000, 0.0014, 0.5000870227813721
1000, 0.0014, 0.5000870227813721
1000, 0.0014, 0.5000870227813721
1000, 0.0014, 0.5000870227813721
1000, 0.0014, 0.5000870227813721
1000, 0.0014, 0.5000870227813721
1000, 0.0014, 0.5000870227813721
1000, 0.0014, 0.5000870227813721
1000, 0.0014, 0.5000870227813721
1000, 0.0014, 0.5000870227813721
1000, 0.0014, 0.5000870227813721
1000, 0.0014, 0.5000870227813721
1000, 0.0014, 0.5000870227813721
1000, 0.0014, 0.5000870227813721
1000, 0.0014, 0.5000870227813721
1000, 0.0014, 0.5000870227813721
1000, 0.0014, 0.5000870227813721
1000, 0.0014, 0.5000870227813721
1000, 0.0014, 0.5000869631767273
1000, 0.0014, 0.5000870227813721
1000, 0.0014, 0.5000870227813721
1000, 0.0014, 0.5000870227813721
1000, 0.0014, 0.5000870227813721
1000, 0.0014, 0.5000932812690735
1000, 0.0014, 0.5000888705253601
1000, 0.0014, 0.5000870227813721
1000, 0.0014, 0.5000870227813721
1000, 0.0014, 0.5000870227813721
1000, 0.0014, 0.5000870227813721
1000, 0.0014, 0.5000870227813721
1000, 0.0014, 0.5000870227813721
1000, 0.0014, 0.5000870227813721
1000, 0.0014, 0.5000870227813721
1000, 0.0014, 0.5000870227813721
1000, 0.0014, 0.5000870227813721
1000, 0.0014, 0.5000870227813721
1000, 0.0014, 0.5000870227813721
1000, 0.0014, 0.5000870227813721
1000, 0.0014, 0.5000870227813721
1000, 0.0014, 0.5000870227813721
1000, 0.0014, 0.5014157891273499
1000, 0.0014, 0.5000870227813721
1000, 0.0014, 0.5000870227813721
1000, 0.0014, 0.5000870227813721
1000, 0.0014, 0.5000869631767273
1000, 0.0014, 0.5001248717308044
1000, 0.0014, 0.5000870227813721
1000, 0.0014, 0.5000870227813721
1000, 0.0014, 0.5000870227813721
1000, 0.0014, 0.5000870227813721
1000, 0.0014, 0.5000870227813721
1000, 0.0014, 0.5000870227813721
1000, 0.0014, 0.5000870227813721
1000, 0.0014, 0.5000870227813721
1000, 0.0014, 0.5000870227813721
1000, 0.0014, 0.5000606775283813
1000, 0.0014, 0.5000870227813721
1000, 0.0014, 0.5000870227813721
1000, 0.0014, 0.5000870227813721
1000, 0.0014, 0.5000870227813721
1000, 0.0014, 0.5000870227813721
1000, 0.0014, 0.5000870227813721
1000, 0.0014, 0.5000870227813721
1000, 0.0014, 0.5000870227813721
1000, 0.0014, 0.5000870227813721
1000, 0.0014, 0.5000870227813721
1000, 0.0014, 0.5000870227813721
1000, 0.0014, 0.5000870227813721
1000, 0.0014, 0.5000870227813721
1000, 0.0014, 0.5000870227813721
1000, 0.0014, 0.5000870227813721
1000, 0.0014, 0.5000870227813721
1000, 0.0014, 0.5000870227813721
1000, 0.0014, 0.5000871419906616
1000, 0.0014, 0.5000870227813721
1000, 0.0014, 0.5001754760742188
1000, 0.0014, 0.5000870227813721
1000, 0.0014, 0.5000870227813721
1000, 0.0014, 0.5000870227813721
1000, 0.0014, 0.5000870227813721
1000, 0.0014, 0.5000897645950317
1000, 0.0014, 0.5000870227813721
1000, 0.0014, 0.5000870227813721
1000, 0.0014, 0.5000870227813721
1000, 0.0014, 0.5000870227813721
1000, 0.0014, 0.5000870227813721
1000, 0.0014, 0.5000870227813721
1000, 0.0014, 0.5000870227813721
1000, 0.0014, 0.5000870227813721
1000, 0.0014, 0.5000870227813721
1000, 0.0014, 0.5000870227813721
1000, 0.0014, 0.5000870227813721
1000, 0.0014, 0.5000870227813721
1000, 0.0014, 0.5000870227813721
1000, 0.0014, 0.5000870227813721
1000, 0.0014, 0.5000870227813721
1000, 0.0014, 0.5000870227813721
1000, 0.0014, 0.5000870227813721
1000, 0.0014, 0.5000870823860168
1000, 0.0014, 0.5000870227813721
1000, 0.0014, 0.5000870227813721
1000, 0.0014, 0.5000870227813721
1000, 0.0014, 0.5000898838043213
1000, 0.0014, 0.5000870227813721
1000, 0.0014, 0.5000870227813721
1000, 0.0014, 0.5000870227813721
1000, 0.0014, 0.5000872015953064
1000, 0.0014, 0.5000870227813721
1000, 0.0014, 0.5000866651535034
1000, 0.0014, 0.5000943541526794
1000, 0.0014, 0.5000916719436646
1000, 0.0014, 0.5000870227813721
1000, 0.0014, 0.5000870227813721
1000, 0.0014, 0.5026277899742126
1000, 0.0014, 0.5000870227813721
1000, 0.0014, 0.5000870227813721
1000, 0.0014, 0.5000870227813721
1000, 0.0014, 0.5000870227813721
1000, 0.0014, 0.5000870227813721
1000, 0.0014, 0.5000870227813721
1000, 0.0014, 0.5000870227813721
1000, 0.0014, 0.5000950694084167
1000, 0.0014, 0.5000870227813721
1000, 0.0014, 0.5000870227813721
1000, 0.0014, 0.5000870227813721
1000, 0.0014, 0.5000870227813721
1000, 0.0014, 0.5000870227813721
1000, 0.0014, 0.5000870227813721
1000, 0.0014, 0.5000870227813721
1000, 0.0014, 0.5000870227813721
1000, 0.0014, 0.5000870227813721
1000, 0.0014, 0.5000870227813721
1000, 0.0014, 0.5000870227813721
1000, 0.0014, 0.5000870227813721
1000, 0.0014, 0.5000870227813721
1000, 0.0014, 0.5000870227813721
1000, 0.0014, 0.5000870227813721
1000, 0.0014, 0.5000870227813721
1000, 0.0014, 0.5000870227813721
1000, 0.0014, 0.5000870227813721
1000, 0.0014, 0.5000870227813721
1000, 0.0014, 0.5000870227813721
1000, 0.0014, 0.5088653564453125
1000, 0.0014, 0.5000870227813721
1000, 0.0014, 0.5000870227813721
1000, 0.0014, 0.5000870227813721
1000, 0.0014, 0.5000883936882019
1000, 0.0014, 0.5000872015953064
1000, 0.0014, 0.5000870227813721
1000, 0.0014, 0.5000870227813721
1000, 0.0014, 0.5000870823860168
1000, 0.0014, 0.5000870227813721
1000, 0.0014, 0.5000870227813721
1000, 0.0014, 0.5000870227813721
1000, 0.0014, 0.5000870227813721
1000, 0.0014, 0.5000870227813721
1000, 0.0014, 0.5000870227813721
1000, 0.0014, 0.5000870227813721
1000, 0.0014, 0.5000870227813721
1000, 0.0014, 0.5000870227813721
1000, 0.0014, 0.5000870227813721
1000, 0.0014, 0.5000870227813721
1000, 0.0014, 0.5000870227813721
1000, 0.0014, 0.5000870227813721
1000, 0.0014, 0.5000870227813721
1000, 0.0014, 0.5000870227813721
1000, 0.0014, 0.5000870227813721
1000, 0.0014, 0.5000870227813721
1000, 0.0014, 0.5000870227813721
1000, 0.0014, 0.5000870227813721
1000, 0.0014, 0.5000866055488586
1000, 0.0014, 0.5000870227813721
1000, 0.0014, 0.5000870227813721
1000, 0.0014, 0.5000870227813721
1000, 0.0014, 0.5000870227813721
1000, 0.0014, 0.5000870227813721
1000, 0.0014, 0.5000870227813721
1000, 0.0014, 0.5000870227813721
1000, 0.0014, 0.5000870227813721
1000, 0.0014, 0.5000870227813721
1000, 0.0014, 0.5000870227813721
1000, 0.0014, 0.5000874996185303
1000, 0.0014, 0.5000870227813721
1000, 0.0014, 0.500086784362793
1000, 0.0014, 0.5000870227813721
1000, 0.0014, 0.5000870227813721
1000, 0.0014, 0.5000866651535034
1000, 0.0014, 0.5000870227813721
1000, 0.0014, 0.5000820755958557
1000, 0.0014, 0.5000870227813721
1000, 0.0014, 0.5000869631767273
1000, 0.0014, 0.5000870227813721
1000, 0.0014, 0.5000870227813721
1000, 0.0014, 0.5000870227813721
1000, 0.0014, 0.5000870227813721
1000, 0.0014, 0.5000870227813721
1000, 0.0014, 0.5000872015953064
1000, 0.0014, 0.5000869035720825
1000, 0.0014, 0.5000870227813721
1000, 0.0014, 0.5000870227813721
1000, 0.0014, 0.5000870227813721
1000, 0.0014, 0.5000870227813721
1000, 0.0014, 0.5000870823860168
1000, 0.0014, 0.5000871419906616
1000, 0.0014, 0.5000870227813721
1000, 0.0014, 0.5000870227813721
1000, 0.0014, 0.5000870227813721
1000, 0.0014, 0.5000870227813721
1000, 0.0014, 0.5000870227813721
1000, 0.0014, 0.5000870227813721
1000, 0.0014, 0.5000866055488586
1000, 0.0014, 0.500087320804596
1000, 0.0014, 0.5000870227813721
1000, 0.0014, 0.5000869035720825
1000, 0.0014, 0.5000870227813721
1000, 0.0014, 0.5000870227813721
1000, 0.0014, 0.5000870227813721
1000, 0.0014, 0.5000869631767273
1000, 0.0014, 0.5000870227813721
1000, 0.0014, 0.5000870227813721
1000, 0.0014, 0.5000870227813721
1000, 0.0014, 0.5000870227813721
1000, 0.0014, 0.5000870227813721
1000, 0.0014, 0.5000870227813721
1000, 0.0014, 0.5012286901473999
1000, 0.0014, 0.5000870227813721
1000, 0.0014, 0.5000870227813721
1000, 0.0014, 0.5000870227813721
1000, 0.0014, 0.5000870227813721
1000, 0.0014, 0.5000870227813721
1000, 0.0014, 0.5000870227813721
1000, 0.0014, 0.5000870227813721
1000, 0.0014, 0.5000870227813721
1000, 0.0014, 0.5000870227813721
1000, 0.0014, 0.5000870227813721
1000, 0.0014, 0.5000870227813721
1000, 0.0014, 0.5000869631767273
1000, 0.0014, 0.5000868439674377
1000, 0.0014, 0.5001546740531921
1000, 0.0014, 0.5000870227813721
1000, 0.0014, 0.5000870227813721
1000, 0.0014, 0.5000870227813721
1000, 0.0014, 0.5000870227813721
1000, 0.0014, 0.5000870227813721
1000, 0.0014, 0.5000870227813721
1000, 0.0014, 0.5000870227813721
1000, 0.0014, 0.5000870227813721
1000, 0.0014, 0.5000870227813721
1000, 0.0014, 0.5000870227813721
1000, 0.0014, 0.5000870823860168
1000, 0.0014, 0.5000870227813721
1000, 0.0014, 0.5000870227813721
1000, 0.0014, 0.5000870227813721
1000, 0.0014, 0.5000870227813721
1000, 0.0014, 0.5000870227813721
1000, 0.0014, 0.5007655024528503
1000, 0.0014, 0.5000870227813721
1000, 0.0014, 0.5000870227813721
1000, 0.0014, 0.5000870227813721
1000, 0.0014, 0.5000870227813721
1000, 0.0014, 0.5000870227813721
1000, 0.0014, 0.5000870227813721
1000, 0.0014, 0.5000871419906616
1000, 0.0014, 0.5000870227813721
1000, 0.0014, 0.5000870227813721
1000, 0.0014, 0.5000870227813721
1000, 0.0014, 0.5000870227813721
1000, 0.0014, 0.5000870227813721
1000, 0.0014, 0.5000870227813721
1000, 0.0014, 0.5000870227813721
1000, 0.0014, 0.5000870227813721
1000, 0.0014, 0.5003014206886292
1000, 0.0014, 0.5000870227813721
1000, 0.0014, 0.5000870227813721
1000, 0.0014, 0.5000870227813721
1000, 0.0014, 0.5000870227813721
1000, 0.0014, 0.5000870227813721
1000, 0.0014, 0.5000870227813721
1000, 0.0014, 0.5000870227813721
1000, 0.0014, 0.5000870227813721
1000, 0.0014, 0.5000871419906616
1000, 0.0014, 0.5000870227813721
1000, 0.0014, 0.5000870227813721
1000, 0.0014, 0.5000872015953064
1000, 0.0014, 0.5000870227813721
1000, 0.0014, 0.5000870227813721
1000, 0.0014, 0.5000870227813721
1000, 0.0014, 0.5000870227813721
1000, 0.0014, 0.5000870227813721
1000, 0.0014, 0.5000870823860168
1000, 0.0014, 0.5000870227813721
1000, 0.0014, 0.5000870227813721
1000, 0.0014, 0.5000870227813721
1000, 0.0014, 0.5000870227813721
1000, 0.0014, 0.5000870227813721
1000, 0.0014, 0.5000870227813721
1000, 0.0014, 0.5000870227813721
1000, 0.0014, 0.5000870227813721
1000, 0.0014, 0.5000870227813721
1000, 0.0014, 0.5000870227813721
1000, 0.0014, 0.5000870227813721
1000, 0.0014, 0.5000870227813721
1000, 0.0014, 0.5000870227813721
1000, 0.0014, 0.5000870227813721
1000, 0.0014, 0.5000870227813721
1000, 0.0014, 0.5000870227813721
1000, 0.0014, 0.5000870227813721
1000, 0.0014, 0.5000870227813721
1000, 0.0014, 0.5000870227813721
1000, 0.0014, 0.5000870227813721
1000, 0.0014, 0.5000870823860168
1000, 0.0014, 0.5000869631767273
1000, 0.0014, 0.5000870227813721
1000, 0.0014, 0.5000870227813721
1000, 0.0014, 0.5000870227813721
1000, 0.0014, 0.5000870227813721
1000, 0.0014, 0.5000869631767273
1000, 0.0014, 0.5000870227813721
1000, 0.0014, 0.5001094341278076
1000, 0.0014, 0.5005958676338196
1000, 0.0014, 0.5000870227813721
1000, 0.0014, 0.5000871419906616
1000, 0.0014, 0.5000870227813721
1000, 0.0014, 0.5000870227813721
1000, 0.0014, 0.5000870227813721
1000, 0.0014, 0.5000870227813721
1000, 0.0014, 0.5000723004341125
1000, 0.0014, 0.5000870227813721
1000, 0.0014, 0.5019776821136475
1000, 0.0014, 0.5000870227813721
1000, 0.0014, 0.5000870227813721
1000, 0.0014, 0.5000870227813721
1000, 0.0014, 0.5000870227813721
1000, 0.0014, 0.5000870227813721
1000, 0.0014, 0.5000871419906616
1000, 0.0014, 0.5000870227813721
1000, 0.0014, 0.5000870227813721
1000, 0.0014, 0.5000870227813721
1000, 0.0014, 0.5000870227813721
1000, 0.0014, 0.5000870227813721
1000, 0.0014, 0.5000870227813721
1000, 0.0014, 0.5000867247581482
1000, 0.0014, 0.5000870227813721
1000, 0.0014, 0.5000870227813721
1000, 0.0014, 0.5000870227813721
1000, 0.0014, 0.5000909566879272
1000, 0.0014, 0.5000870227813721
1000, 0.0014, 0.5000870227813721
1000, 0.0014, 0.5000870227813721
1000, 0.0014, 0.5000869035720825
1000, 0.0014, 0.5000870227813721
1000, 0.0014, 0.5000869631767273
1000, 0.0014, 0.5000870227813721
1000, 0.0014, 0.5000870227813721
1000, 0.0014, 0.5000866651535034
1000, 0.0014, 0.5000870227813721
1000, 0.0014, 0.5000870227813721
1000, 0.0014, 0.5000870227813721
1000, 0.0014, 0.5000870227813721
1000, 0.0014, 0.5000870227813721
1000, 0.0014, 0.5000870227813721
1000, 0.0014, 0.5000870227813721
1000, 0.0014, 0.5000870227813721
1000, 0.0014, 0.5000870227813721
1000, 0.0014, 0.5000870227813721
1000, 0.0014, 0.5000870227813721
1000, 0.0014, 0.5000870227813721
1000, 0.0014, 0.5000870227813721
1000, 0.0014, 0.5000870227813721
1000, 0.0014, 0.5000870227813721
1000, 0.0014, 0.5000870227813721
1000, 0.0014, 0.5000870227813721
1000, 0.0014, 0.5000870227813721
1000, 0.0014, 0.5000870227813721
1000, 0.0014, 0.5000870227813721
1000, 0.0014, 0.5000870227813721
1000, 0.0014, 0.5000870227813721
1000, 0.0014, 0.5000870227813721
1000, 0.0014, 0.5000870227813721
1000, 0.0014, 0.5000870227813721
1000, 0.0014, 0.5000870227813721
1000, 0.0014, 0.5000870227813721
1000, 0.0014, 0.5000870227813721
1000, 0.0014, 0.5000870227813721
1000, 0.0014, 0.5000870227813721
1000, 0.0014, 0.5000870227813721
1000, 0.0014, 0.5000870227813721
1000, 0.0014, 0.5000870227813721
1000, 0.0014, 0.5000870227813721
1000, 0.0014, 0.5000870227813721
1000, 0.0014, 0.5000870227813721
1000, 0.0014, 0.5000870227813721
1000, 0.0014, 0.5000870227813721
1000, 0.0014, 0.5000870227813721
1000, 0.0014, 0.5000890493392944
1000, 0.0014, 0.5000870227813721
1000, 0.0014, 0.5000870227813721
